mean_squared_error: 13.26597944285236
r2_score: 0.7953454992619857
